0000000000000000000000000000000000000000
1111111011100000000000000000000000000000
1111111100110100000000000000000000000000
1111111100101100000000000000000000000000
1111111101010100000000000000000000000000
1111111101011100000000000000000000000000
1111111111110101000010000010000000000000
1111111100111000000000000000000000000000
1111111110000000000000000000000000000000
0000000000000000000000000000000000000000
0000000000000000000000000000000000000000
1111111011101000000011000000000000000000
1111111000110000000000001110001000000000
0000000000000000000000000000000000000000
0000000000000000000000000000000000000000
0000000000000000000000000000000000000000
0000000000000000000000000000000000000000
0000000000000000000000000000000000000000
0000000000000000000000000000000000000000
1111111111101000000001110010000000001000
0000000000000000000001101010000000000000
1111111111100000000000001100000000000000
1111111110000000000001110000000000000000
0000000000000000000000000000000000000000
1111111100000000000000000000000000000000
1111111011000000001000100000000000100111
0000000000000000000000000000000000000000
1111111011101000000111100000000000000000
1111111111101000000000010010000000000000
1111111111011000000000010000001100000000
0000000000000111110001100000000000000000
1111111100001000000000000000000000000000
1111111111110100000000000010000000000000
1111111111011000000001110000001000000000
1111110100100101000010000010000000000000
0000000000010000000000001110001000000000
1111110100101101000010000010000000000000
0000001000001000000000001110001000000000
0000000000111000000010110010000000000000
0000000000110000000011000010001000000000
0000000000100000000010110011010000000000
0000000000011000000011000010001000000000
0000000000010000000010000010001000000000
0000000000001000000010010010001000000000
0000000000000000000010100010001000000000
0000000000101000000000001110001000000000
0000000001000000000000001111001000000000
0000000001101000000100000010000000000000
0000000001100000000100010010001000000000
0000000001010000000100000011010000000000
0000000001001000000100010010001000000000
0000000000101000000011010010001000000000
0000000000100000000011100010001000000000
0000000000011000000011110010001000000000
0000000001011000000000001110001000000000
0000000001110000000000001111001000000000
0000000010011000000101010010000000000000
0000000010010000000101100010001000000000
0000000010000000000101010011010000000000
0000000001111000000101100010001000000000
0000000001011000000100100010001000000000
0000000001010000000100110010001000000000
0000000001001000000101000010001000000000
0000000010001000000000001110001000000000
0000000010100000000000001111001000000000
0000000011001000000110100010000000000000
0000000011000000000110110010001000000000
0000000010110000000110100011010000000000
0000000010101000000110110010001000000000
0000000010001000000101110010001000000000
0000000010000000000110000010001000000000
0000000001111000000110010010001000000000
0000000010111000000000001110001000000000
0000000011010000000000001111001000000000
0000000011111000000111110010000000000000
0000000011110000001000000010001000000000
0000000011100000000111110011010000000000
0000000011011000001000000010001000000000
0000000010111000000111000010001000000000
0000000010110000000111010010001000000000
0000000010101000000111100010001000000000
0000000011101000000000001110001000000000
0000000100000000000000001111001000000000
0000000100101000001001000010000000000000
0000000100100000001001010010001000000000
0000000100010000001001000011010000000000
0000000100001000001001010010001000000000
0000000011101000001000010010001000000000
0000000011100000001000100010001000000000
0000000011011000001000110010001000000000
0000000100011000000000001110001000000000
0000000100110000000000001111001000000000
0000000101011000001010010010000000000000
0000000101010000001010100010001000000000
0000000101000000001010010011010000000000
0000000100111000001010100010001000000000
0000000100011000001001100010001000000000
0000000100010000001001110010001000000000
0000000100001000001010000010001000000000
0000000101001000000000001110001000000000
0000000101100000000000001111001000000000
0000000110001000001011100010000000000000
0000000110000000001011110010001000000000
0000000101110000001011100011010000000000
0000000101101000001011110010001000000000
0000000101001000001010110010001000000000
0000000101000000001011000010001000000000
0000000100111000001011010010001000000000
0000000101111000000000001110001000000000
0000000110010000000000001111001000000000
0000000110111000001100110010000000000000
0000000110110000001101000010001000000000
0000000110100000001100110011010000000000
0000000110011000001101000010001000000000
0000000101111000001100000010001000000000
0000000101110000001100010010001000000000
0000000101101000001100100010001000000000
0000000110101000000000001110001000000000
0000000111000000000000001111001000000000
0000000111101000001110000010000000000000
0000000111100000001110010010001000000000
0000000111010000001110000011010000000000
0000000111001000001110010010001000000000
0000000110101000001101010010001000000000
0000000110100000001101100010001000000000
0000000110011000001101110010001000000000
0000000111011000000000001110001000000000
0000000111110000000000001111001000000000
0000001000110000000010110010000000000000
0000001000101000000011000010001000000000
0000001000011000000010110011010000000000
0000001000010000000011000010001000000000
0000001000001000000010000010001000000000
0000001000000000000010010010001000000000
0000000111111000000010100010001000000000
0000001000100000000000001110001000000000
0000001000111000000000001111001000000000
0000001001100000000100000010000000000000
0000001001011000000100010010001000000000
0000001001001000000100000011010000000000
0000001001000000000100010010001000000000
0000001000100000000011010010001000000000
0000001000011000000011100010001000000000
0000001000010000000011110010001000000000
0000001001010000000000001110001000000000
0000001001101000000000001111001000000000
0000001010010000000101010010000000000000
0000001010001000000101100010001000000000
0000001001111000000101010011010000000000
0000001001110000000101100010001000000000
0000001001010000000100100010001000000000
0000001001001000000100110010001000000000
0000001001000000000101000010001000000000
0000001010000000000000001110001000000000
0000001010011000000000001111001000000000
0000001011000000000110100010000000000000
0000001010111000000110110010001000000000
0000001010101000000110100011010000000000
0000001010100000000110110010001000000000
0000001010000000000101110010001000000000
0000001001111000000110000010001000000000
0000001001110000000110010010001000000000
0000001010110000000000001110001000000000
0000001011001000000000001111001000000000
0000001011110000000111110010000000000000
0000001011101000001000000010001000000000
0000001011011000000111110011010000000000
0000001011010000001000000010001000000000
0000001010110000000111000010001000000000
0000001010101000000111010010001000000000
0000001010100000000111100010001000000000
0000001011100000000000001110001000000000
0000001011111000000000001111001000000000
0000001100100000001001000010000000000000
0000001100011000001001010010001000000000
0000001100001000001001000011010000000000
0000001100000000001001010010001000000000
0000001011100000001000010010001000000000
0000001011011000001000100010001000000000
0000001011010000001000110010001000000000
0000001100010000000000001110001000000000
0000001100101000000000001111001000000000
0000001101010000001010010010000000000000
0000001101001000001010100010001000000000
0000001100111000001010010011010000000000
0000001100110000001010100010001000000000
0000001100010000001001100010001000000000
0000001100001000001001110010001000000000
0000001100000000001010000010001000000000
0000001101000000000000001110001000000000
0000001101011000000000001111001000000000
0000001110000000001011100010000000000000
0000001101111000001011110010001000000000
0000001101101000001011100011010000000000
0000001101100000001011110010001000000000
0000001101000000001010110010001000000000
0000001100111000001011000010001000000000
0000001100110000001011010010001000000000
0000001101110000000000001110001000000000
0000001110001000000000001111001000000000
0000001110110000001100110010000000000000
0000001110101000001101000010001000000000
0000001110011000001100110011010000000000
0000001110010000001101000010001000000000
0000001101110000001100000010001000000000
0000001101101000001100010010001000000000
0000001101100000001100100010001000000000
0000001110100000000000001110001000000000
0000001110111000000000001111001000000000
0000001111100000001110000010000000000000
0000001111011000001110010010001000000000
0000001111001000001110000011010000000000
0000001111000000001110010010001000000000
0000001110100000001101010010001000000000
0000001110011000001101100010001000000000
0000001110010000001101110010001000000000
0000001111010000000000001110001000000000
0000001111101000000000001111001000000000
0000000111011000001110100010000000000000
0000001111110000000000001110001000000000
0000000000000000000000000000000000000000
0000001111010000001110110010000000000000
0000001111111000000000001110001000000000
0000000000000000000000000000000000000000
0000001111110101000010000010000000000000
1111110101100000000000001110001000000000
0000001111111101000010000010000000000000
1111110101101000000000001110001000000000
0000000000000000000000000000000000000000
1111111000110000000000000000000000000000
0000000000000000000000000000000000000000
1111111011000000000011110000000000000000
0000000000000000000000000000000000000000
